000012
000017
000023
000026
000032
000033
000034
000035
000036
000042
000044
000047
000048
000061
000064
000066
000073
000077
000078
000083
000089
000091
000104
000112
000122
000129
000133
000134
000138
000140
000141
000147
000153
000154
000159
000161
000162
000163
000164
000171
000173
000174
000187
000189
000192
000193
000194
000198
000200
000207
000209
000219
000220
000222
000225
000228
000235
000242
000250
000256
000259
000262
000263
000276
000278
000282
000288
000294
000296
000306
000307
000311
000312
000317
000320
000325
000331
000334
000337
000344
000347
000349
000355
000359
000367
000370
000372
000379
000382
000387
000391
000394
000395
000400
000404
000406
000407
000411
000416
000430
000431
000438
000446
000450
000454
000463
000468
000469
000470
000474
000476
000477
000484
000489
000496
000503
000508
000516
000518
000519
000522
000524
000525
000526
000528
000535
000537
000541
000544
000549
000550
000552
000554
000555
000559
000565
000577
000583
000589
000590
000592
000597
000605
000609
000612
000620
000622
000625
000632
000633
000635
000648
000654
000657
000671
000672
000680
000685
000688
000689
000695
000699
000700
000709
000710
000711
000726
000729
000731
000733
000739
000740
000753
000754
000761
000764
000767
000768
000770
000774
000793
000796
000804
000805
000810
000812
000818
000820
000822
000823
000827
000828
000829
000830
000845
000849
000850
000851
000859
000860
000865
000867
000871
000887
000888
000889
000892
000898
000899
000900
000902
000904
000906
000908
000912
000915
000919
000929
000936
000943
000950
000951
000954
000958
000962
000964
000965
000966
000967
000977
000980
000987
000989
000991
000993
000996
000997
000999
