000012
000026
000034
000036
000044
000047
000064
000077
000078
000091
000112
000122
000134
000140
000141
000147
000153
000154
000161
000162
000189
000198
000207
000209
000219
000225
000228
000235
000242
000262
000263
000278
000294
000296
000306
000307
000311
000312
000320
000325
000331
000334
000344
000347
000349
000355
000370
000379
000387
000391
000395
000400
000404
000416
000430
000431
000450
000454
000469
000474
000484
000489
000496
000503
000508
000519
000522
000537
000544
000550
000552
000565
000577
000590
000592
000605
000609
000620
000622
000632
000633
000635
000657
000671
000672
000685
000689
000699
000700
000710
000711
000729
000740
000754
000761
000764
000767
000774
000796
000818
000820
000823
000827
000845
000849
000850
000867
000871
000887
000888
000889
000899
000900
000908
000912
000919
000929
000936
000950
000951
000954
000958
000962
000964
000965
000977
000980
000989
000993
000997
